kinematics:
  shoulder:
    x: 0
    y: 0
    z: 0.16252750342588396
    roll: -0
    pitch: 0
    yaw: -7.3614466397642353e-09
  upper_arm:
    x: 0.00012067840387601312
    y: 0
    z: 0
    roll: 1.5697108707413669
    pitch: 0
    yaw: 2.3855167292870106e-06
  forearm:
    x: -0.42531921011506268
    y: 0
    z: 0
    roll: 3.1383885837100194
    pitch: 3.13956650530434
    yaw: 3.1415923322607791
  wrist_1:
    x: -0.39229019046649116
    y: -0.00015291776601360284
    z: 0.13383814569515004
    roll: 0.0011425569196127177
    pitch: -0.00031744030682447262
    yaw: 8.3935807493009842e-07
  wrist_2:
    x: -3.1371265959381134e-05
    y: -0.099737899060711926
    z: -1.4498039833548758e-05
    roll: 1.5709416881857818
    pitch: 0
    yaw: 5.598117080243826e-06
  wrist_3:
    x: 1.3489317036778458e-05
    y: 0.099573035174572389
    z: 3.4909508883247506e-05
    roll: 1.5711469187738569
    pitch: 3.1415926535897931
    yaw: -3.1415923111423552
  hash: calib_11952285359806768437